1 206.32
2 207.57
3 213.6
4 213.69
5 213.72
6 213.57
7 210.86
8 210.92
9 208.99
10 204.99
11 208.09
12 210.25
13 214.6
14 222.4
15 222.97
16 226.13
17 228.83
18 226.92
19 227.41
20 227.39
21 229
22 233.49
23 234.75
24 238.04
25 230
26 231.72
27 230.12
28 232.26
29 230.82
30 229.33
31 228.97
32 220.17
33 223.92
34 223.36
35 221.93
36 224.41
37 224.89
38 222.78
39 220.25
40 219.83
41 219.94
42 222.65
43 222.67
44 223.96
45 223.18
46 219.75
47 217.4
48 217.75
49 220.03
50 222.66
51 224.79
52 224.26
53 223.26
54 226.04
55 224.8
56 224.13
57 225.66
58 228.63
59 258.27
60 255.7
61 260.73
62 264.46
63 263.3
64 253.44
65 252.34
66 249.27
67 254.7
68 255.81
69 259.19
70 261.28
71 263.07
72 264.32
73 264.74
74 261.48
75 261.87
76 257.75
77 255.84
78 253.23
79 252.44
80 250.19
81 253.21
82 251.35
83 248.69
84 261.54
85 256.9
86 248.95
87 249.63
88 245.8
89 248.35
90 252.97
91 246.95
92 252.29
93 243.32
94 243.87
95 248.45
96 249.9
97 250.34
98 246.21
99 244
100 248.66
